#There are multiple data sets.
#For each data set, the first line has two number M and N, which means the matrix is M*N.
#Next 2 line, the first line has M number, which indicate the sum of rows and the second line means the sum of columns. 
10 10
5 5 7 7 6 3 5 7 7 3 
6 6 7 4 5 6 6 4 4 7 
13 14
10 5 7 6 4 7 8 9 9 8 6 10 5 
8 7 6 8 5 2 6 8 8 5 10 7 5 9 
120 110
60 52 61 63 54 52 53 49 57 56 56 58 59 57 52 60 58 49 62 60 63 58 56 55 60 56 58 49 46 59 62 61 55 51 64 55 60 57 60 57 47 63 57 58 53 55 47 67 52 56 51 52 55 58 55 54 55 58 61 50 58 64 59 57 48 44 54 53 42 57 54 66 58 56 64 51 56 53 56 56 53 51 49 54 58 56 48 60 55 54 57 53 54 59 54 42 62 63 58 52 48 64 49 65 47 65 59 47 57 58 45 45 63 64 61 63 54 55 49 54 
63 62 57 64 60 58 48 54 54 60 60 56 69 63 61 66 64 53 57 50 61 68 53 67 57 68 58 60 63 61 66 66 63 64 63 58 64 63 67 66 55 61 60 57 63 65 61 56 60 60 65 63 63 57 53 59 64 56 62 53 56 58 60 65 56 59 62 70 64 65 62 61 57 65 67 63 65 60 61 69 53 61 66 55 67 64 64 61 67 59 62 58 62 47 55 54 63 57 64 58 57 61 53 66 69 64 59 61 65 59 
23 57
33 26 25 38 25 26 28 31 24 28 25 36 28 32 29 32 29 23 25 28 27 26 26 
10 14 14 10 9 8 13 13 10 10 9 9 12 6 11 10 13 16 10 10 12 10 14 10 11 11 13 12 9 17 14 12 16 12 11 12 11 13 12 12 10 8 9 11 17 11 12 13 8 10 11 13 6 16 10 12 12 
49 50
22 26 28 24 27 27 30 22 20 31 25 29 29 24 26 21 20 27 25 23 22 27 28 27 24 29 30 27 28 19 25 23 32 28 31 22 28 24 21 27 21 25 24 23 30 26 19 23 24 
21 30 21 26 22 21 29 29 27 24 25 28 20 26 24 26 29 23 19 24 26 23 32 28 32 23 18 28 23 22 25 27 26 22 24 20 19 28 30 27 25 19 25 26 29 24 28 29 21 20 
111 100
53 55 56 47 42 62 49 47 59 53 49 38 51 50 48 45 52 48 48 52 49 42 56 47 58 56 51 48 44 47 49 49 51 54 51 45 54 44 56 57 51 48 58 56 50 59 51 53 54 44 46 58 52 54 52 52 53 56 45 50 57 37 49 47 48 53 53 49 48 54 47 49 45 53 62 48 50 51 53 46 50 46 54 50 50 51 52 56 54 56 43 52 49 46 52 47 53 55 47 41 47 55 55 43 45 60 48 45 47 52 49 
48 59 56 52 60 58 55 54 54 50 49 50 45 58 65 56 59 59 51 58 55 59 52 52 48 65 53 59 53 51 55 56 50 58 52 51 63 60 51 63 59 56 57 61 56 49 55 59 51 52 55 58 58 53 64 53 55 57 64 56 51 54 56 63 59 55 51 45 49 56 58 59 59 59 58 56 67 56 61 56 71 51 55 59 54 50 66 53 59 55 58 55 57 50 58 61 59 53 60 61 
10 100
43 49 55 61 49 52 45 55 51 42 
6 2 4 4 5 6 8 7 5 3 5 7 7 4 3 6 6 5 5 5 5 5 5 4 3 6 6 6 4 6 7 7 6 5 5 5 3 7 6 5 5 4 5 5 7 3 5 5 6 7 7 6 6 5 6 5 6 5 6 4 6 7 3 6 7 8 4 2 7 5 5 4 2 3 5 6 4 7 4 2 2 2 5 2 4 4 4 4 5 7 4 5 5 7 5 4 4 5 7 3 
13 19
10 10 10 9 10 10 6 11 11 5 10 11 5 
7 6 8 5 7 6 8 2 6 3 10 7 4 5 7 4 8 7 8 
12 34
14 18 17 19 21 17 21 22 20 20 19 13 
4 8 8 6 6 5 4 8 6 8 8 8 5 5 8 4 6 7 9 7 7 4 8 5 6 9 2 8 9 7 8 6 6 6 
